7542009370
7805958947
7561312369
7801663683
7801410823
7801663349
7501514992
7501514992
7501514992
7537124574
7537310815
7500535028
7501514771
7541974374
7540926783
7561722729
7535811086
7543527049
7801875575
2002009988
0120001839
7806810005
7554077713
7532077071
7806463615
7539121246
7543907615
7543534150
7544023885
7543900688
7805718075
7801085051
7532087220
7561510225
7805972362
7537509115
7800093018
7810095447
7530108514
7532087646
7801074653
7561303815
7542613596
7503513365
7530521511
2357171104
0595211527
7806983457
7561713975
7806186109
7533233441
7532079201
7119022851
7561738064
7561738064
7020041174
7020044174
7020041469
7810640127
7543209098
7020044298
7806072543
7538829814
7536331223
7506314304
7800497747
7805957178
7542613588
7534114675
7532056643
7806810005
7530729594
7805956073
7530731688
7532435032
7313021631
7301020538
7535313450
7544623230
7208038651
5440038651
7536448864
7532043088
7532055353
7532090124
7532408825
7535804179
7532044017
7504704431
7532438473
7506317028
7536209234
7020043277
7532619281
7503135115
7504704431
7535710652
7309042786
7544115976
7508804635
7532912434
7531535114
7537310823
7806125226
7800947319
7225021710
7801663349
7542008579
7805955840
7810740229
7225022512
7530105019
7501514992
7532436764
7806125809
7200029661
7537310815
7505102893
7810742264
7500635028
7532436764
7801055632
7800768716
7540929650
7542009370
7805958947
7500058993
7540928549
7504428892
7537310823
7806125226
7800947319
7225021710
7801663349
7542008579
7805955840
7810740229
7225022512
7530105019
7501514992
7532436764
7806125809
7200029661
7537310815
7505102893
7810742264
7500635028
7532436764
7801055632
7800768716
7540929650
7542009370
7805958947
7500058993
7540928549
7504428892
7805956537
7805958947
7534110017
7501518181
7561312369
7801663683
7801410823
7501514771
7540926783
7542104748
7105037210
7805952537
7542006703
7105029676
7105029668
7206025722
7800906981
7800199274
7806125426
7540928530
7801663349
7501514992
7501514992
7501514992
7537124574
7537310815
7500535028
7542009370
7805958947
7561312369
7801663683
7801410823
7501514771
7541974374
7540926783
7206025722
7800906981
7800199274
7806125426
7540928530
7530418734
7530418734
7530418734
7530418734
7530418734
7530418734
7806046661
7806046666
7806046666
7806046666
7806046666
7806046666
7806046666
7806046666
7806046666
7806046666
7806046666
7806046666
7806046666
7806046666
7500635028
7500635028
7500635028
7500635028
7500635028
7500635028
7500635028
7500635028
7500635028
7500635028
7500635028
7500635028
7507409856
7507409856
7507409856
7507409856
7507409856
7507409856
7507409856
7507409856
7507409856
7507409856
7580718762
7580718762
7580718762
7580718762
7580718762
7580718762
7530718789
7530718827
7534243690
7534243690
7800317636
7800317636
7801083040
7801083040
7801083040
7801083040
7801083040
7801082281
7801082281
7801082974
7801082974
7801082974
7801082974
7801122585
7801318513
7543026635
7810645285
7534343690
5312085984
5312085984
5312085984
5312085984
5312085984
5312085984
5312085984
5312085984
5312085984
8544226321
8544226321
8544226321
8544226321
5312085984
5312085984
5312085984
5312085984
5312085984
5312085984
5312085984
5312085984
8544226321
8544226321
8544226321124
7537124582
7537124582
7537124582
7537124582
7533009450
7533009450
7533009450
7533009450
7533009450
7533009450
7533009450
7533009450
7538009450
7538009450
7530105043
7530105043
7530105000
7800907457
7800907458
7800907459
7561312369
7801663683
7801410823
7501514771
7541974374
7540926783
7801122585
7801318513
7543026635
7810645285
7534343690
7534243690
7534243690
7800317636
7800317636
7801083040
7801083040
7801083040
7801083040
7801083040
7801082281
7801082281
7801082974
7801082974
7801082974
7801082974
7801122585
7801318513
7543026635
7810645285
7534343690
7532438473
7506317028
7536209234
7020043277
7532619281
7503135115
7504704431
7535710652
7309042786
